1 307,124
2 727,123
3 96,268
4 190,216
5 288,189
6 376,172
7 469,156
8 429,174
9 535,174
10 553,156
11 649,172
12 742,193
13 837,217
14 934,273
15 144,262
16 235,264
17 792,267
18 885,267
19 189,209
20 331,309
21 441,205
22 514,217
23 588,204
24 466,307
25 558,310
26 697,310
27 838,309
28 205,400
29 271,361
30 387,361
31 426,361
32 606,360
33 642,363
34 753,364
35 381,400
36 649,402
37 825,399
38 93,541
39 189,493
40 325,493
41 382,443
42 420,444
43 604,448
44 759,444
45 931,547
46 139,538
47 234,541
48 465,493
49 558,492
50 700,493
51 837,493
52 790,541
53 885,541
54 123,168

A
A
A
A
A
A
A
A
A
A
A
A
A
A
A
A
A
A
A
A
A
A
A
A
A
A
A
A
A
A
A
A
A
A
A
A
A
A

A
A
A
A
A
A
A
A
41 
